0 0
10 0
20 0
30 0
40 0
50 0
60 0
70 1029
80 997
90 997
100 0
110 0
120 0
130 0
140 0
150 0
160 997
170 0
180 4994
190 0
200 0
210 0
220 0
230 0
240 0
250 998
260 0
270 0
280 0
290 0
300 0
310 0
320 0
330 0
340 0
350 0
360 0
370 964
380 0
390 0
400 0
410 998
420 0
430 966
440 0
450 0
460 0
470 998
480 0
490 0
500 0
510 0
520 0
530 0
540 997
550 0
560 997
570 0
580 0
590 0
600 997
610 0
620 0
630 1001
640 0
650 999
660 0
670 0
680 0
690 0
700 0
710 0
720 0
730 0
740 0
750 0
760 0
770 0
780 963
790 0
800 998
810 0
820 1002
830 0
840 0
850 0
860 0
870 997
880 0
890 0
900 998
910 0
920 0
930 0
940 0
950 0
960 0
970 0
980 1001
990 0
