0 0
10 998
20 0
30 0
40 0
50 0
60 964
70 0
80 0
90 998
100 967
110 985
120 997
130 0
140 0
150 0
160 0
170 0
180 0
190 0
200 1027
210 0
220 997
230 0
240 0
250 0
260 0
270 0
280 0
290 0
300 0
310 0
320 997
330 0
340 997
350 1001
360 0
370 993
380 0
390 995
400 0
410 0
420 0
430 0
440 997
450 0
460 0
470 0
480 0
490 0
500 998
510 1008
520 998
530 0
540 0
550 0
560 997
570 0
580 0
590 0
600 0
610 0
620 0
630 0
640 0
650 1007
660 1034
670 0
680 0
690 0
700 0
710 0
720 998
730 0
740 0
750 1009
760 0
770 0
780 0
790 0
800 998
810 988
820 0
830 0
840 0
850 0
860 997
870 0
880 0
890 0
900 0
910 582
920 998
930 0
940 0
950 0
960 0
970 0
980 0
990 0
