0 611800 1098500 204800
500 100200 876300 62400
1000 132200 1107000 48700
1500 135900 1025800 91800
2000 83900 118200 57900
2500 85100 105800 48800
3000 146000 166200 88200
3500 88300 81900 73500
4000 70000 152800 89600
4500 50600 111400 87000
5000 54600 127100 53500
5500 74100 168700 92900
6000 50700 123900 35900
6500 70300 172600 274700
7000 73900 134800 74700
7500 72700 155100 90700
8000 58500 153300 89600
8500 67400 131500 191800
9000 90000 186000 162500
9500 88700 173300 57400
10000 55600 170600 101800
10500 72800 141500 94600
11000 72000 163600 78800
11500 78400 84800 115000
12000 77100 197900 63000
12500 84000 140200 55100
13000 71600 86800 62000
13500 76600 86500 105900
14000 68500 128500 36300
14500 72600 127300 33100
15000 92600 156600 42300
15500 73600 99700 38200
16000 80400 156000 39500
16500 78200 163600 39000
17000 77500 148900 38400
17500 75000 76200 42300
18000 58700 81700 28500
18500 76200 120700 37600
19000 67100 78200 30600
19500 78600 154700 50700
20000 96700 116100 35500
20500 72500 124800 29400
21000 66700 75500 27200
21500 72900 141500 35900
22000 55800 74500 23200
22500 94600 127400 26100
23000 100400 114600 45800
23500 128800 127300 57100
24000 77300 126000 58500
24500 55800 86000 33900
25000 67000 70500 23200
25500 75400 83500 27300
26000 83300 67800 26500
26500 56600 81500 23100
27000 55100 63100 21500
27500 55700 68900 22300
28000 57100 86500 25400
28500 57300 68800 35300
29000 64200 84900 25600
29500 77200 93400 22500
30000 72000 105100 23300
30500 55300 74000 23300
31000 56700 90700 25800
31500 57600 72100 22800
32000 146300 70800 24200
32500 56200 70800 23900
33000 57500 74100 21300
33500 62300 58600 22900
34000 55900 71200 22600
34500 54600 76900 22400
35000 68000 66400 24300
35500 56200 72900 23400
36000 55800 68500 22000
36500 56100 76900 20400
37000 55600 68400 19700
37500 58000 74200 22900
38000 99200 74300 19600
38500 54700 79700 18700
39000 53800 87600 18500
39500 54500 71200 21900
40000 64700 60500 38900
40500 58600 96500 26100
41000 87300 135600 39300
41500 65400 112000 32600
42000 73600 78100 45600
42500 67400 191600 48000
43000 132200 76400 26000
43500 55500 71200 22900
44000 54500 70100 22600
44500 55000 75700 22800
45000 54700 76900 23500
45500 57300 67900 22200
46000 55000 71800 22800
46500 56500 68400 23200
47000 54100 76500 22900
47500 54900 71900 23200
48000 55400 70900 27100
48500 55400 70800 31300
49000 159200 170600 37600
49500 72600 120000 35500
50000 82800 123200 36400
50500 86900 137800 33400
51000 83000 128600 37100
51500 90300 137200 39800
52000 91200 139900 38600
52500 85700 117900 29600
53000 76100 109200 22400
53500 77900 96800 32600
54000 72800 165100 46200
54500 85300 134200 30100
55000 70700 100100 27800
55500 81800 98500 40200
56000 56100 76700 22800
56500 77100 98300 27100
57000 91900 69600 22400
57500 81700 128200 39800
58000 81300 163700 52600
58500 56600 76200 22400
59000 57400 80200 23400
59500 55700 75600 22800
60000 54800 79000 23300
60500 56300 80000 23500
61000 56700 76900 49100
61500 79200 117600 30300
62000 73500 119300 33800
62500 80500 245400 37400
63000 84500 142200 25900
63500 77500 105000 34000
64000 90700 185700 36300
64500 95300 105600 53500
65000 103500 145000 25700
65500 115500 115700 28000
66000 192200 181600 29600
66500 73000 88000 26700
67000 63900 94300 22800
67500 67400 122100 32000
68000 76000 103900 22700
68500 57700 73700 23900
69000 58800 100500 24400
69500 57300 88500 23500
70000 72800 90600 33200
70500 62800 69200 23400
71000 71100 70700 24500
71500 56000 85200 23800
72000 56900 63800 32000
72500 57300 84800 23000
73000 55800 67800 22000
73500 57600 62600 20100
74000 55900 70200 20000
74500 56600 60400 20000
75000 55600 74200 22900
75500 55700 79800 22100
76000 54400 76000 25500
76500 74100 120700 34500
77000 74300 114300 32500
77500 76400 113600 34400
78000 72700 122000 33600
78500 75600 119100 34000
79000 53800 73600 25500
79500 74300 100900 32500
80000 76200 107500 34700
80500 61300 86900 27200
81000 69500 96100 30700
81500 76100 106300 37100
82000 62500 93300 34800
82500 76700 133900 34700
83000 69500 90400 28000
83500 69700 94100 28700
84000 69800 81200 24000
84500 81500 106600 34200
85000 56900 70300 22700
85500 79600 101500 32900
86000 76200 127100 34000
86500 57400 95900 27800
87000 55800 67000 28100
87500 54900 73400 44300
88000 54300 62800 20500
88500 55200 76500 26100
89000 54900 59700 23400
89500 75600 105000 33700
90000 79600 122100 31500
90500 57400 71100 20900
91000 55300 78500 26600
91500 54600 67800 28000
92000 102200 87700 19300
92500 55900 68600 29500
93000 77400 130300 32900
93500 73200 132300 34200
94000 81900 157800 35000
94500 122600 95300 30100
95000 76600 88700 23800
95500 78500 107800 22500
96000 80000 126300 38900
96500 83900 126700 38300
97000 80900 100100 32100
97500 171000 322700 32800
98000 61200 73400 24700
98500 75500 92900 22800
99000 57200 85700 25100
99500 58300 92800 23700
