0 0.0
1000 0.0030231475830078125
2000 0.008010625839233398
3000 0.01399540901184082
4000 0.02190709114074707
5000 0.028922557830810547
6000 0.03085184097290039
7000 0.04291844367980957
8000 0.07047605514526367
9000 0.09275150299072266
10000 0.05286359786987305
11000 0.0729212760925293
12000 0.05385637283325195
13000 0.05984067916870117
14000 0.06684541702270508
15000 0.09186291694641113
16000 0.1386396884918213
17000 0.0813298225402832
18000 0.09175753593444824
19000 0.09094572067260742
20000 0.1425933837890625
21000 0.11867260932922363
22000 0.10368490219116211
23000 0.09569048881530762
24000 0.0928955078125
25000 0.10099983215332031
26000 0.195051908493042
27000 0.12895631790161133
28000 0.15572762489318848
29000 0.13099026679992676
30000 0.13650965690612793
31000 0.13581609725952148
32000 0.15672779083251953
33000 0.14936542510986328
34000 0.1889207363128662
35000 0.15974664688110352
36000 0.25815725326538086
37000 0.18619441986083984
38000 0.22632956504821777
39000 0.24968767166137695
40000 0.18647384643554688
41000 0.19852614402770996
42000 0.3387181758880615
43000 0.3939812183380127
44000 0.35804295539855957
45000 0.28124499320983887
46000 0.3700106143951416
47000 0.45474863052368164
48000 0.35302019119262695
49000 0.2693159580230713
50000 0.25830650329589844
51000 0.315981388092041
52000 0.350252628326416
53000 0.3507058620452881
54000 0.2927730083465576
55000 0.35390686988830566
56000 0.5229873657226562
57000 0.30266594886779785
58000 0.43544936180114746
59000 0.4264199733734131
60000 0.34055018424987793
61000 0.29964280128479004
62000 0.46117687225341797
63000 0.30678510665893555
64000 0.5150394439697266
65000 0.5835468769073486
66000 0.5093376636505127
67000 0.6399397850036621
68000 0.7180788516998291
69000 0.4736180305480957
70000 0.4408407211303711
71000 0.4052712917327881
72000 0.4016404151916504
73000 0.5127508640289307
74000 0.5282506942749023
75000 0.4619712829589844
76000 0.5595026016235352
77000 0.7949743270874023
78000 0.69669508934021
79000 0.5484678745269775
80000 0.5119588375091553
81000 0.6144640445709229
82000 0.6154310703277588
83000 0.4577817916870117
84000 0.4784061908721924
85000 0.4857470989227295
86000 0.47812485694885254
87000 0.4686095714569092
88000 0.6286237239837646
89000 0.5610322952270508
90000 0.5668716430664062
91000 0.5183351039886475
92000 0.53104567527771
93000 0.5665388107299805
94000 0.5101206302642822
95000 0.8119058609008789
96000 0.6024436950683594
97000 1.006307601928711
98000 0.7350170612335205
99000 0.7341897487640381
