0 0.0
1000 0.003989219665527344
2000 0.007978677749633789
3000 0.015957355499267578
4000 0.0199434757232666
5000 0.02197575569152832
6000 0.025930404663085938
7000 0.04388260841369629
8000 0.04584693908691406
9000 0.07081341743469238
10000 0.04491829872131348
11000 0.0488739013671875
12000 0.05339789390563965
13000 0.07114553451538086
14000 0.062453269958496094
15000 0.06739640235900879
16000 0.06679677963256836
17000 0.0645139217376709
18000 0.06822490692138672
19000 0.09817194938659668
20000 0.1902751922607422
21000 0.13121938705444336
22000 0.10243535041809082
23000 0.12805914878845215
24000 0.11187076568603516
25000 0.10955405235290527
26000 0.11974143981933594
27000 0.1327345371246338
28000 0.1527729034423828
29000 0.14058423042297363
30000 0.15107274055480957
31000 0.1768341064453125
32000 0.2520010471343994
33000 0.18899250030517578
34000 0.20700335502624512
35000 0.16850829124450684
36000 0.17132306098937988
37000 0.2236034870147705
38000 0.191237211227417
39000 0.21404790878295898
40000 0.19761419296264648
41000 0.2873671054840088
42000 0.28063130378723145
43000 0.24996542930603027
44000 0.23432350158691406
45000 0.22614121437072754
46000 0.27153801918029785
47000 0.2519688606262207
48000 0.35042905807495117
49000 0.2682526111602783
50000 0.29982542991638184
51000 0.29502248764038086
52000 0.29911327362060547
53000 0.27168869972229004
54000 0.28575706481933594
55000 0.2917964458465576
56000 0.34607553482055664
57000 0.33202147483825684
58000 0.3138303756713867
59000 0.3098335266113281
60000 0.3880648612976074
61000 0.327930212020874
62000 0.33736371994018555
63000 0.33608150482177734
64000 0.4135115146636963
65000 0.3585507869720459
66000 0.3570547103881836
67000 0.3589770793914795
68000 0.4413783550262451
69000 0.39120006561279297
70000 0.37932348251342773
71000 0.46875643730163574
72000 0.5127604007720947
73000 0.40023016929626465
74000 0.4140794277191162
75000 0.46253347396850586
76000 0.4191470146179199
77000 0.45662879943847656
78000 0.5716111660003662
79000 0.4880650043487549
80000 0.43959975242614746
81000 0.4799768924713135
82000 0.4697725772857666
83000 0.5118391513824463
84000 0.5280971527099609
85000 0.47799205780029297
86000 0.5131735801696777
87000 0.5079171657562256
88000 0.517155647277832
89000 0.4909956455230713
90000 0.598336935043335
91000 0.5865685939788818
92000 0.5883657932281494
93000 0.7180531024932861
94000 0.5440652370452881
95000 0.6651027202606201
96000 0.585684061050415
97000 0.6287822723388672
98000 0.6640698909759521
99000 0.6626646518707275
