0.0 0.0069806575775146484 0.0009982585906982422 0.0009963512420654297 
0.00897526741027832 0.0009975433349609375 0.000997304916381836 0.0 
0.010970115661621094 0.0009975433349609375 0.0 0.0009965896606445312 
0.012964248657226562 0.0 0.000997781753540039 0.0 
0.013962030410766602 0.0069828033447265625 0.0009968280792236328 0.0009975433349609375 
0.022939205169677734 0.000997304916381836 0.0 0.000995635986328125 
0.024932146072387695 0.0009975433349609375 0.0 0.000997304916381836 
0.02692699432373047 0.0009970664978027344 0.0009975433349609375 0.0 
0.02892160415649414 0.0009982585906982422 0.0 0.0009961128234863281 
0.03091597557067871 0.0009987354278564453 0.0 0.007980108261108398 
0.039894819259643555 0.0009953975677490234 0.000997781753540039 0.0009987354278564453 
0.04288673400878906 0.0009944438934326172 0.0 0.0009975433349609375 
0.04487872123718262 0.0009975433349609375 0.0 0.0009989738464355469 
0.0468752384185791 0.007978677749633789 0.0009958744049072266 0.0009980201721191406 
0.05684781074523926 0.0009965896606445312 0.000997781753540039 0.0 
0.05884218215942383 0.0009970664978027344 0.0009975433349609375 0.0 
0.0608367919921875 0.000997304916381836 0.0 0.000997304916381836 
0.06283140182495117 0.0009965896606445312 0.0 0.00798177719116211 
0.07180976867675781 0.000995635986328125 0.000997781753540039 0.000997304916381836 
0.07480049133300781 0.0019931793212890625 0.0 0.0009982585906982422 
0.07779192924499512 0.0009963512420654297 0.0 0.0009970664978027344 
0.07978534698486328 0.000997304916381836 0.0009975433349609375 0.006982088088989258 
0.08876228332519531 0.0019943714141845703 0.0 0.0009965896606445312 
0.09175324440002441 0.0009980201721191406 0.000997304916381836 0.0 
0.09374856948852539 0.000997304916381836 0.0009975433349609375 0.000997304916381836 
0.09674072265625 0.0 0.0009970664978027344 0.006981849670410156 
0.10471963882446289 0.000997781753540039 0.0009963512420654297 0.000997781753540039 
0.10870814323425293 0.0 0.0009980201721191406 0.0009970664978027344 
0.1107032299041748 0.0009968280792236328 0.0 0.016955852508544922 
0.12865591049194336 0.012964725494384766 0.01894974708557129 0.0009958744049072266 
0.16156625747680664 0.0009987354278564453 0.0009963512420654297 0.000997781753540039 
0.16455912590026855 0.0069811344146728516 0.0010030269622802734 0.0009930133819580078 
0.17552924156188965 0.0 0.0010020732879638672 0.0009920597076416016 
0.17752337455749512 0.0009982585906982422 0.000997304916381836 0.0 
0.1795189380645752 0.0009975433349609375 0.0009968280792236328 0.007979869842529297 
0.18949317932128906 0.0019943714141845703 0.0009970664978027344 0.000997304916381836 
0.1934819221496582 0.0009970664978027344 0.000997304916381836 0.000997304916381836 
0.1964735984802246 0.000997304916381836 0.00797891616821289 0.0009975433349609375 
0.2074439525604248 0.0009970664978027344 0.0009987354278564453 0.0 
0.2104358673095703 0.0009980201721191406 0.000997304916381836 0.0 
0.21342778205871582 0.0 0.000997781753540039 0.008976459503173828 
0.2234020233154297 0.000997781753540039 0.0019936561584472656 0.0009968280792236328 
0.22739028930664062 0.000997781753540039 0.0019948482513427734 0.000997304916381836 
0.2323780059814453 0.006981611251831055 0.0010175704956054688 0.001974344253540039 
0.24235153198242188 0.0009968280792236328 0.000997304916381836 0.0009970664978027344 
0.24634027481079102 0.000997304916381836 0.00698089599609375 0.0022253990173339844 
0.2565438747406006 0.001996278762817383 0.0009975433349609375 0.000997304916381836 
0.26053500175476074 0.000997304916381836 0.000997304916381836 0.001994609832763672 
0.2645242214202881 0.011968135833740234 0.0009982585906982422 0.0009963512420654297 
0.278486967086792 0.0012006759643554688 0.0010001659393310547 0.010971307754516602 
0.2916591167449951 0.001993417739868164 0.0010218620300292969 0.0009729862213134766 
0.29564738273620605 0.000997304916381836 0.000997304916381836 0.008976221084594727 
0.3076515197753906 0.0019588470458984375 0.0020058155059814453 0.0009860992431640625 
0.3135993480682373 0.008016347885131836 0.001956939697265625 0.0019941329956054688 
0.32556676864624023 0.0009655952453613281 0.000997304916381836 0.0019943714141845703 
0.3305537700653076 0.008977413177490234 0.0009968280792236328 0.0009968280792236328 
0.34252190589904785 0.0009968280792236328 0.0009989738464355469 0.0009953975677490234 
0.3465111255645752 0.0009965896606445312 0.000997304916381836 0.0009982585906982422 
0.35050010681152344 0.008976936340332031 0.0019943714141845703 0.000997304916381836 
0.3634657859802246 0.008975982666015625 0.0009975433349609375 0.001995086669921875 
0.37543439865112305 0.001993894577026367 0.000997304916381836 0.0009963512420654297 
0.3794219493865967 0.0009984970092773438 0.008009195327758789 0.0029783248901367188 
0.39140796661376953 0.0019779205322265625 0.000997304916381836 0.0009968280792236328 
0.3963775634765625 0.000997781753540039 0.008975505828857422 0.0029921531677246094 
0.4103696346282959 0.0009677410125732422 0.0020058155059814453 0.0009875297546386719 
0.4153282642364502 0.008975028991699219 0.000997304916381836 0.0009970664978027344 
0.4272947311401367 0.0010104179382324219 0.001981973648071289 0.008975744247436523 
0.4402923583984375 0.0009655952453613281 0.0020041465759277344 0.0009999275207519531 
0.4442620277404785 0.000997304916381836 0.001994609832763672 0.0009980201721191406 
0.4492530822753906 0.006976127624511719 0.0029931068420410156 0.0009968280792236328 
0.46121692657470703 0.0009970664978027344 0.0009980201721191406 0.0009965896606445312 
0.4652068614959717 0.008975505828857422 0.000997304916381836 0.0 
0.4771740436553955 0.0009965896606445312 0.0009980201721191406 0.0009987354278564453 
0.48116326332092285 0.008977651596069336 0.001996278762817383 0.0019915103912353516 
0.49515318870544434 0.0009701251983642578 0.000997304916381836 0.009973287582397461 
0.5081210136413574 0.001965045928955078 0.000997304916381836 0.0009963512420654297 
0.5130777359008789 0.0009975433349609375 0.01196742057800293 0.001994609832763672 
0.5290355682373047 0.0009968280792236328 0.00898432731628418 0.001986980438232422 
0.5420324802398682 0.002960205078125 0.0019943714141845703 0.009973526000976562 
0.5579895973205566 0.002961874008178711 0.001992940902709961 0.006981611251831055 
0.5719554424285889 0.0019865036010742188 0.0029647350311279297 0.0019948482513427734 
0.5798990726470947 0.012000799179077148 0.002960681915283203 0.0019931793212890625 
0.5978512763977051 0.009973287582397461 0.002991199493408203 0.0020215511322021484 
0.6138079166412354 0.007979393005371094 0.0030231475830078125 0.0029609203338623047 
0.6287686824798584 0.0029916763305664062 0.008976221084594727 0.0019948482513427734 
0.6457550525665283 0.004958152770996094 0.007975339889526367 0.0030241012573242188 
0.6636741161346436 0.008011817932128906 0.0029594898223876953 0.003004312515258789 
0.6796329021453857 0.007977485656738281 0.002026796340942383 0.001963376998901367 
0.6936192512512207 0.0019948482513427734 0.001970052719116211 0.010005950927734375 
0.7085883617401123 0.0029897689819335938 0.0019636154174804688 0.009020566940307617 
0.7235152721405029 0.0030670166015625 0.0025060176849365234 0.008977651596069336 
0.7400925159454346 0.0029621124267578125 0.0019931793212890625 0.001994609832763672 
0.7490432262420654 0.0069751739501953125 0.0029914379119873047 0.001995086669921875 
0.7620337009429932 0.008944988250732422 0.0029909610748291016 0.0019958019256591797 
0.777958869934082 0.0019953250885009766 0.008975982666015625 0.0019941329956054688 
0.7929191589355469 0.0019953250885009766 0.002997159957885742 0.008971214294433594 
0.8078796863555908 0.002991914749145508 0.0019943714141845703 0.009996414184570312 
0.8248336315155029 0.0029926300048828125 0.0019941329956054688 0.008989810943603516 
0.8408236503601074 0.001962423324584961 0.0029914379119873047 0.0029935836791992188 
0.8517625331878662 0.007013559341430664 0.0019617080688476562 0.0019948482513427734 
0.8647270202636719 0.008976459503173828 0.0023767948150634766 0.001996755599975586 
0.8790988922119141 0.008956670761108398 0.0020301342010498047 0.002956867218017578 
0.895031213760376 0.001995086669921875 0.008976221084594727 0.0030236244201660156 
0.9100227355957031 0.0029609203338623047 0.007977962493896484 0.0029931068420410156 
0.9259495735168457 0.0030231475830078125 0.0019953250885009766 0.007947206497192383 
0.9409098625183105 0.0029914379119873047 0.0019943714141845703 0.0029921531677246094 
0.9518799781799316 0.004986286163330078 0.002991914749145508 0.001995563507080078 
0.964846134185791 0.00900578498840332 0.0019881725311279297 0.0019690990447998047 
0.9798040390014648 0.008977174758911133 0.002992391586303711 0.001994609832763672 
0.9957633018493652 0.010004281997680664 0.007947206497192383 0.0030243396759033203 
1.0187320709228516 0.003959178924560547 0.0019941329956054688 0.013963460922241211 
1.0406415462493896 0.003023386001586914 0.001988649368286133 0.001969575881958008 
1.049619197845459 0.007979393005371094 0.0009949207305908203 0.0019953250885009766 
1.062617301940918 0.003985166549682617 0.007981300354003906 0.0029594898223876953 
1.0795693397521973 0.00994253158569336 0.002991199493408203 0.0019948482513427734 
1.096492052078247 0.008977413177490234 0.003015756607055664 0.002967357635498047 
1.1124494075775146 0.009008407592773438 0.0029926300048828125 0.0029916763305664062 
1.130401611328125 0.007979631423950195 0.002991199493408203 0.0019941329956054688 
1.1453607082366943 0.0020275115966796875 0.00894474983215332 0.0030159950256347656 
1.1623411178588867 0.001970052719116211 0.009014129638671875 0.002953767776489258 
1.1782736778259277 0.002992391586303711 0.009972572326660156 0.0019948482513427734 
1.1962251663208008 0.012966394424438477 0.00299072265625 0.009974479675292969 
1.224182367324829 0.002991914749145508 0.001962900161743164 0.010970830917358398 
1.2431018352508545 0.004002571105957031 0.009958267211914062 0.003988981246948242 
1.265040636062622 0.009973526000976562 0.0029985904693603516 0.011962413787841797 
1.2929930686950684 0.002966165542602539 0.002991199493408203 0.002996206283569336 
1.3049345016479492 0.007985830307006836 0.0029866695404052734 0.0019943714141845703 
1.3208916187286377 0.002991914749145508 0.0029916763305664062 0.003989458084106445 
1.3348538875579834 0.011968612670898438 0.0029921531677246094 0.003989458084106445 
1.3567960262298584 0.0029916763305664062 0.002992868423461914 0.011967182159423828 
1.3777391910552979 0.011968374252319336 0.002991914749145508 0.0019943714141845703 
1.3976855278015137 0.010545015335083008 0.001995086669921875 0.0029916763305664062 
1.417238712310791 0.0069806575775146484 0.0029609203338623047 0.003988504409790039 
1.4351601600646973 0.005982875823974609 0.0029914379119873047 0.001995086669921875 
1.4501290321350098 0.008965492248535156 0.002992391586303711 0.010970592498779297 
1.476081371307373 0.0031735897064208984 0.0020294189453125 0.010969400405883789 
1.495246410369873 0.0029599666595458984 0.008999109268188477 0.0029685497283935547 
1.5121960639953613 0.005983591079711914 0.009971141815185547 0.001971006393432617 
1.5341107845306396 0.009007453918457031 0.0039577484130859375 0.010970115661621094 
1.5610389709472656 0.0030236244201660156 0.01293325424194336 0.0020189285278320312 
1.5829801559448242 0.008983135223388672 0.0030095577239990234 0.002994060516357422 
1.600931167602539 0.009010553359985352 0.002988100051879883 0.011937141418457031 
1.626894474029541 0.003956317901611328 0.011968612670898438 0.003988504409790039 
1.6507978439331055 0.007977962493896484 0.0029935836791992188 0.0029904842376708984 
1.6677522659301758 0.006982088088989258 0.003003358840942383 0.002980470657348633 
1.684706687927246 0.005986690521240234 0.003015279769897461 0.00299072265625 
1.7026832103729248 0.0059604644775390625 0.003988504409790039 0.0109710693359375 
1.7266263961791992 0.003958463668823242 0.011001110076904297 0.0029611587524414062 
1.747563362121582 0.009949445724487305 0.0030210018157958984 0.002962350845336914 
1.7674860954284668 0.008013010025024414 0.001960277557373047 0.00301361083984375 
1.7844650745391846 0.007985591888427734 0.0029850006103515625 0.011943817138671875 
1.8103704452514648 0.003025054931640625 0.010970830917358398 0.003989696502685547 
1.8313474655151367 0.011969327926635742 0.001993417739868164 0.011969566345214844 
1.8602714538574219 0.003988742828369141 0.010970830917358398 0.002991914749145508 
1.883216142654419 0.009966373443603516 0.0029935836791992188 0.013960599899291992 
1.9141604900360107 0.010936975479125977 0.00498652458190918 0.011615276336669922 
1.9446592330932617 0.00498652458190918 0.0049860477447509766 0.02196788787841797 
1.9805984497070312 0.009938240051269531 0.0029914379119873047 0.001995086669921875 
1.9995131492614746 0.009972810745239258 0.004986763000488281 0.003988981246948242 
2.022458076477051 0.00497889518737793 0.0029931068420410156 0.0249330997467041 
2.0593514442443848 0.003020048141479492 0.011972188949584961 0.00398564338684082 
2.0822954177856445 0.010966062545776367 0.001994609832763672 0.01000213623046875 
2.1092495918273926 0.003998279571533203 0.011929750442504883 0.003989458084106445 
2.1341519355773926 0.008976221084594727 0.003989696502685547 0.012965202331542969 
2.1640710830688477 0.010971307754516602 0.003988742828369141 0.010970592498779297 
2.19399094581604 0.012966632843017578 0.00402069091796875 0.002960205078125 
2.218958854675293 0.007945060729980469 0.0029916763305664062 0.013997316360473633 
2.2478747367858887 0.011968135833740234 0.0019676685333251953 0.010969877243041992 
2.2797634601593018 0.011007547378540039 0.003951549530029297 0.0029916763305664062 
2.3027005195617676 0.012000799179077148 0.004953622817993164 0.004020214080810547 
2.332662582397461 0.008934497833251953 0.003989696502685547 0.011967182159423828 
2.3635756969451904 0.009969711303710938 0.0029571056365966797 0.015959739685058594 
2.400440216064453 0.007012367248535156 0.002960205078125 0.004021883010864258 
2.4194228649139404 0.007944583892822266 0.005990743637084961 0.012958765029907227 
2.4503068923950195 0.00797724723815918 0.002991914749145508 0.010971307754516602 
2.476235866546631 0.0030243396759033203 0.01293325424194336 0.003023862838745117 
2.5011696815490723 0.008006095886230469 0.003961086273193359 0.01299905776977539 
2.5301249027252197 0.010938644409179688 0.003988981246948242 0.003992319107055664 
2.5560240745544434 0.005011081695556641 0.002966642379760742 0.012965679168701172 
2.581953287124634 0.009972810745239258 0.005023002624511719 0.012929916381835938 
2.61586332321167 0.010007619857788086 0.004952669143676758 0.009972810745239258 
2.6448171138763428 0.010939598083496094 0.003988504409790039 0.0029926300048828125 
2.667759656906128 0.007942676544189453 0.0039899349212646484 0.01196742057800293 
2.695680618286133 0.01193690299987793 0.003988504409790039 0.010971546173095703 
2.727595090866089 0.005985736846923828 0.00996255874633789 0.00396728515625 
2.7524971961975098 0.008009672164916992 0.01196908950805664 0.003957271575927734 
2.78045654296875 0.013953924179077148 0.011942148208618164 0.004021644592285156 
2.8163342475891113 0.010963201522827148 0.003989219665527344 0.013962984085083008 
2.8512349128723145 0.008974075317382812 0.012966156005859375 0.003988981246948242 
2.882150888442993 0.009999990463256836 0.003961801528930664 0.01149296760559082 
2.9135892391204834 0.010004758834838867 0.003957509994506836 0.012992382049560547 
2.94553542137146 0.013930559158325195 0.00399017333984375 0.011967182159423828 
2.980445146560669 0.003954887390136719 0.0049860477447509766 0.019946813583374023 
3.0153162479400635 0.003989219665527344 0.004987478256225586 0.013962745666503906 
3.0422441959381104 0.0039899349212646484 0.012966394424438477 0.00299072265625 
3.068176507949829 0.009011268615722656 0.00595545768737793 0.010962963104248047 
3.100099802017212 0.010960817337036133 0.011969566345214844 0.004019021987915039 
3.1349966526031494 0.009977102279663086 0.010966062545776367 0.004986763000488281 
3.1669118404388428 0.009972572326660156 0.011967658996582031 0.0059664249420166016 
3.2008044719696045 0.012877702713012695 0.004985809326171875 0.011968612670898438 
3.2779653072357178 0.010972261428833008 0.00498652458190918 0.011968851089477539 
3.311910390853882 0.01096796989440918 0.003958225250244141 0.011982202529907227 
3.3437891006469727 0.011970043182373047 0.005995273590087891 0.01295328140258789 
3.380692720413208 0.01339268684387207 0.002994060516357422 0.011999845504760742 
3.416029453277588 0.01096963882446289 0.003989458084106445 0.012965917587280273 
3.4499382972717285 0.009973287582397461 0.003989458084106445 0.012964725494384766 
3.482853651046753 0.009968996047973633 0.004026651382446289 0.011931419372558594 
3.515761137008667 0.00997471809387207 0.003988027572631836 0.010973215103149414 
3.5486786365509033 0.010965347290039062 0.003988742828369141 0.011968612670898438 
3.5825836658477783 0.01027226448059082 0.0049860477447509766 0.011003494262695312 
3.6158313751220703 0.010933399200439453 0.010970830917358398 0.005884885787963867 
3.649610996246338 0.010080575942993164 0.003989458084106445 0.011999845504760742 
3.6826300621032715 0.01100301742553711 0.011935234069824219 0.005984067916870117 
3.7185356616973877 0.010657310485839844 0.015955686569213867 0.013964414596557617 
3.76509952545166 0.011963367462158203 0.012965679168701172 0.015958070755004883 
3.8129682540893555 0.012964963912963867 0.004022836685180664 0.012956619262695312 
3.848872423171997 0.010004043579101562 0.004522800445556641 0.013962507247924805 
3.884342670440674 0.008983850479125977 0.004013538360595703 0.011936187744140625 
3.9162938594818115 0.009936809539794922 0.0030248165130615234 0.011966943740844727 
3.9501700401306152 0.022936105728149414 0.006982564926147461 0.026926517486572266 
4.0179853439331055 0.02892303466796875 0.01495981216430664 0.02792525291442871 
4.097771883010864 0.011967897415161133 0.002994060516357422 0.012964010238647461 
4.13467264175415 0.007979154586791992 0.003989219665527344 0.012966156005859375 
4.16957950592041 0.006982564926147461 0.00299072265625 0.01196908950805664 
4.199503183364868 0.008971929550170898 0.00399017333984375 0.013962984085083008 
4.233409643173218 0.009972333908081055 0.014961481094360352 0.0049855709075927734 
4.272305250167847 0.003989458084106445 0.0019943714141845703 0.011967658996582031 
4.296266555786133 0.011942625045776367 0.004014492034912109 0.013937950134277344 
4.334139823913574 0.010004281997680664 0.011936426162719727 0.004987478256225586 
4.368048191070557 0.008821964263916016 0.003991603851318359 0.013102054595947266 
4.40197491645813 0.007946968078613281 0.004015445709228516 0.012938976287841797 
4.43488621711731 0.007978439331054688 0.003957986831665039 0.013962507247924805 
4.467766046524048 0.00897669792175293 0.011997461318969727 0.005344390869140625 
4.501099109649658 0.00894308090209961 0.011999130249023438 0.005953073501586914 
4.535008430480957 0.008975744247436523 0.011966943740844727 0.005952358245849609 
4.568884611129761 0.0070133209228515625 0.005147695541381836 0.012998342514038086 
4.602022886276245 0.008011341094970703 0.01193547248840332 0.005984306335449219 
4.63493537902832 0.022939205169677734 0.004986286163330078 0.013997316360473633 
4.688824892044067 0.005950450897216797 0.012964963912963867 0.00498652458190918 
4.720705032348633 0.005984067916870117 0.003024578094482422 0.013710737228393555 
4.751396894454956 0.008011817932128906 0.003988027572631836 0.012934446334838867 
4.783342361450195 0.009968996047973633 0.013936996459960938 0.015957117080688477 
4.832180976867676 0.011002779006958008 0.01293325424194336 0.005984783172607422 
4.869114398956299 0.006949901580810547 0.004987478256225586 0.011995553970336914 
4.902027130126953 0.007946252822875977 0.003989219665527344 0.012966156005859375 
4.934906482696533 0.011967182159423828 0.016956090927124023 0.025952816009521484 
5.0007312297821045 0.00797724723815918 0.00399017333984375 0.01296544075012207 
5.035668611526489 0.007972002029418945 0.012939929962158203 0.006016969680786133 
5.070575952529907 0.006570577621459961 0.011970996856689453 0.004984855651855469 
5.1031105518341064 0.005951881408691406 0.0040171146392822266 0.01297140121459961 
5.1349945068359375 0.008974790573120117 0.011967658996582031 0.00598454475402832 
5.169899940490723 0.006205320358276367 0.012239217758178711 0.005983829498291016 
5.2032692432403564 0.007979393005371094 0.011968135833740234 0.00698089599609375 
5.238176107406616 0.006982088088989258 0.013962268829345703 0.014960050582885742 
5.284053564071655 0.021941423416137695 0.004986286163330078 0.011968374252319336 
5.331928968429565 0.013300418853759766 0.012967586517333984 0.004491567611694336 
5.3716676235198975 0.00600743293762207 0.01194310188293457 0.0059833526611328125 
5.405576467514038 0.0050203800201416016 0.011964559555053711 0.005951881408691406 
5.4374895095825195 0.006981849670410156 0.014961004257202148 0.012964487075805664 
5.483368158340454 0.009350061416625977 0.014285564422607422 0.0050182342529296875 
5.520965814590454 0.006016969680786133 0.005952119827270508 0.004015207290649414 
5.549919843673706 0.012934207916259766 0.012966632843017578 0.01495981216430664 
5.599755048751831 0.010970830917358398 0.011967897415161133 0.005018472671508789 
5.6396484375 0.0040204524993896484 0.012934207916259766 0.004991769790649414 
5.673592805862427 0.0049517154693603516 0.0109710693359375 0.0050106048583984375 
5.7074666023254395 0.005018949508666992 0.013962507247924805 0.012969970703125 
5.750378370285034 0.007952690124511719 0.004021644592285156 0.01296687126159668 
5.7852582931518555 0.008010149002075195 0.012934446334838867 0.006751060485839844 
5.822930335998535 0.005982398986816406 0.012967109680175781 0.013993978500366211 
5.869805097579956 0.0069789886474609375 0.012967348098754883 0.00601649284362793 
5.904709100723267 0.00598454475402832 0.012997627258300781 0.0049800872802734375 
5.938620090484619 0.005982875823974609 0.011968612670898438 0.004986763000488281 
5.970566511154175 0.005983114242553711 0.011936426162719727 0.005021333694458008 
6.0044426918029785 0.00598454475402832 0.024048328399658203 0.004987955093383789 
6.050459861755371 0.008982658386230469 0.004954814910888672 0.012916803359985352 
6.0873212814331055 0.005952358245849609 0.011004924774169922 0.005982160568237305 
6.121198415756226 0.006016969680786133 0.010937929153442383 0.006010532379150391 
6.157103061676025 0.006009578704833984 0.016954421997070312 0.013960838317871094 
6.204974412918091 0.004986763000488281 0.011967182159423828 0.005018472671508789 
6.239881753921509 0.00498652458190918 0.010970354080200195 0.0049860477447509766 
6.270797967910767 0.007024049758911133 0.010928869247436523 0.005983829498291016 
6.304707765579224 0.004985809326171875 0.011968851089477539 0.006018161773681641 
6.338617563247681 0.005983829498291016 0.010970592498779297 0.00598454475402832 
6.3725266456604 0.0050201416015625 0.011935710906982422 0.006980180740356445 
6.4084632396698 0.004953861236572266 0.012964487075805664 0.005880832672119141 
6.445227384567261 0.012964248657226562 0.014961481094360352 0.0069811344146728516 
6.491106986999512 0.006013154983520508 0.014896154403686523 0.01396489143371582 
6.538946866989136 0.0060155391693115234 0.014927864074707031 0.012964963912963867 
6.584824323654175 0.008974552154541016 0.014992713928222656 0.012965202331542969 
6.634689569473267 0.00897669792175293 0.012965917587280273 0.00698089599609375 
6.677575349807739 0.0146942138671875 0.013930797576904297 0.006183624267578125 
6.728382349014282 0.015950441360473633 0.013930082321166992 0.004986286163330078 
6.778210639953613 0.012972116470336914 0.016947269439697266 0.014959573745727539 
6.834059476852417 0.009009122848510742 0.013930320739746094 0.00599360466003418 
6.8769447803497314 0.011967897415161133 0.0060160160064697266 0.013048171997070312 
6.921941757202148 0.00600886344909668 0.013938188552856445 0.012964487075805664 
6.966821908950806 0.008975982666015625 0.004985809326171875 0.013000249862670898 
7.006750822067261 0.0049822330474853516 0.02191019058227539 0.020936012268066406 
7.067551612854004 0.00997471809387207 0.015957117080688477 0.013961553573608398 
7.123403072357178 0.007978439331054688 0.016988039016723633 0.012931108474731445 
7.178256273269653 0.016953229904174805 0.01795220375061035 0.014872074127197266 
7.240966558456421 0.0059854984283447266 0.013961315155029297 0.014990091323852539 
7.290834665298462 0.016953706741333008 0.006016731262207031 0.012964487075805664 
7.339735746383667 0.0059511661529541016 0.02692866325378418 0.005983829498291016 
7.39056658744812 0.021967411041259766 0.014934778213500977 0.005983829498291016 
7.451437711715698 0.007966756820678711 0.01329350471496582 0.006791591644287109 
7.491484642028809 0.00595855712890625 0.013827800750732422 0.011969804763793945 
7.539197683334351 0.0069811344146728516 0.012964010238647461 0.013963460922241211 
7.588066816329956 0.005982875823974609 0.011968135833740234 0.0059833526611328125 
7.625963926315308 0.012794017791748047 0.006983518600463867 0.014478206634521484 
7.677149772644043 0.015956640243530273 0.013964176177978516 0.0070133209228515625 
7.728045463562012 0.014927864074707031 0.012997627258300781 0.005951881408691406 
7.7758848667144775 0.012738227844238281 0.0060193538665771484 0.015381813049316406 
7.827014923095703 0.016953229904174805 0.013963699340820312 0.014926671981811523 
7.889844655990601 0.005982637405395508 0.014937400817871094 0.014953136444091797 
7.9376842975616455 0.007986068725585938 0.013954877853393555 0.013197660446166992 
7.9877848625183105 0.008009910583496094 0.014929771423339844 0.04787087440490723 
8.076547384262085 0.018950462341308594 0.013986825942993164 0.013939142227172852 
8.139379739761353 0.006009340286254883 0.014934301376342773 0.011997699737548828 
8.18728256225586 0.007972002029418945 0.01593303680419922 0.012969732284545898 
8.236145734786987 0.007977485656738281 0.01464700698852539 0.014928340911865234 
8.291651010513306 0.01595783233642578 0.01595759391784668 0.009973287582397461 
8.348498582839966 0.014960765838623047 0.018949508666992188 0.005982637405395508 
8.4053475856781 0.006980419158935547 0.013963699340820312 0.012964725494384766 
8.454216718673706 0.0069806575775146484 0.013963460922241211 0.012964725494384766 
8.501089334487915 0.007979631423950195 0.012964963912963867 0.007013559341430664 
8.545007467269897 0.017950773239135742 0.01495814323425293 0.014928579330444336 
8.607836961746216 0.0139617919921875 0.006981372833251953 0.014929056167602539 
8.657698154449463 0.013938426971435547 0.006978750228881836 0.01598834991455078 
8.711527347564697 0.015507698059082031 0.01197052001953125 0.006981372833251953 
8.757954120635986 0.012966156005859375 0.0069811344146728516 0.01000666618347168 
8.801836729049683 0.007012844085693359 0.011961936950683594 0.006955146789550781 
8.841761350631714 0.011936187744140625 0.006992816925048828 0.01095890998840332 
8.887607097625732 0.006003141403198242 0.014941215515136719 0.012965917587280273 
8.938472509384155 0.006980419158935547 0.02895212173461914 0.013963937759399414 
9.00728702545166 0.005984783172607422 0.01595592498779297 0.016954660415649414 
9.066129446029663 0.010970115661621094 0.012966156005859375 0.014959335327148438 
9.12796401977539 0.015957117080688477 0.014961004257202148 0.014960050582885742 
9.192790031433105 0.014960289001464844 0.015958070755004883 0.014960289001464844 
9.261606454849243 0.016954660415649414 0.02692890167236328 0.005983829498291016 
9.326432943344116 0.013962745666503906 0.0059833526611328125 0.012965202331542969 
9.373307704925537 0.0049860477447509766 0.013963460922241211 0.012964725494384766 
9.419184446334839 0.005983591079711914 0.013972282409667969 0.006972312927246094 
9.464064598083496 0.011967182159423828 0.013964414596557617 0.006360054016113281 
9.512313842773438 0.014927864074707031 0.014993429183959961 0.014927148818969727 
9.573119163513184 0.00698089599609375 0.014960050582885742 0.01595759391784668 
9.630964279174805 0.012965202331542969 0.016954898834228516 0.01495981216430664 
9.690803527832031 0.013962745666503906 0.006981611251831055 0.01495981216430664 
9.74266529083252 0.012424230575561523 0.007013082504272461 0.016923189163208008 
9.795979499816895 0.01296544075012207 0.012966156005859375 0.007978677749633789 
9.84584641456604 0.016962766647338867 0.01561737060546875 0.016988039016723633 
9.91137433052063 0.01595473289489746 0.016923904418945312 0.014958858489990234 
9.975203037261963 0.013929128646850586 0.0060155391693115234 0.016742229461669922 
10.026883363723755 0.016957998275756836 0.015923023223876953 0.012981653213500977 
10.088686466217041 0.007012605667114258 0.015925168991088867 0.014687299728393555 
10.145262241363525 0.026927947998046875 0.007979869842529297 0.014925241470336914 
10.215043544769287 0.012965917587280273 0.01795029640197754 0.01495981216430664 
10.274908065795898 0.013979673385620117 0.00799250602722168 0.023947954177856445 
10.340780019760132 0.014930009841918945 0.007012128829956055 0.014954805374145508 
10.39260983467102 0.01598954200744629 0.013932228088378906 0.014999151229858398 
10.455444574356079 0.006980419158935547 0.01595592498779297 0.01600503921508789 
10.517308712005615 0.009940862655639648 0.013963699340820312 0.014867544174194336 
10.573036909103394 0.014961481094360352 0.00701451301574707 0.015952348709106445 
10.63387393951416 0.009998321533203125 0.016962051391601562 0.015925884246826172 
10.694743394851685 0.01792311668395996 0.024962425231933594 0.006949663162231445 
10.767516851425171 0.02293848991394043 0.008977413177490234 0.027926206588745117 
10.85029673576355 0.022937774658203125 0.015958547592163086 0.007005453109741211 
10.918116331100464 0.011000633239746094 0.02589869499206543 0.01595783233642578 
10.987928628921509 0.007978200912475586 0.014959335327148438 0.027927160263061523 
11.059735774993896 0.01699090003967285 0.01592087745666504 0.01496124267578125 
11.132542371749878 0.011967182159423828 0.031914472579956055 0.01595759391784668 
11.218311548233032 0.01994633674621582 0.007012605667114258 0.015952587127685547 
11.285133361816406 0.00900125503540039 0.014965295791625977 0.013931751251220703 
11.340022325515747 0.014925003051757812 0.018949508666992188 0.015955209732055664 
11.411824941635132 0.026927947998046875 0.016924381256103516 0.016953229904174805 
11.493574619293213 0.015989303588867188 0.014426946640014648 0.01595449447631836 
11.557928800582886 0.01396322250366211 0.007978677749633789 0.02889227867126465 
11.630705118179321 0.01498270034790039 0.02889871597290039 0.014991521835327148 
11.713481664657593 0.013995885848999023 0.018915653228759766 0.016956090927124023 
11.793266773223877 0.018950223922729492 0.015957117080688477 0.014960050582885742 
11.869065284729004 0.009001731872558594 0.04488492012023926 0.015928030014038086 
11.959821939468384 0.01697993278503418 0.01696157455444336 0.01492929458618164 
12.03063154220581 0.03490853309631348 0.008975744247436523 0.013995647430419922 
12.109453678131104 0.016921520233154297 0.01595926284790039 0.01296544075012207 
12.17724061012268 0.027926206588745117 0.015987634658813477 0.007970809936523438 
12.25604248046875 0.014945268630981445 0.020945310592651367 0.03490757942199707 
12.36274242401123 0.024953126907348633 0.00796055793762207 0.01598834991455078 
12.432588815689087 0.011935234069824219 0.01695537567138672 0.017953157424926758 
12.506360292434692 0.013993024826049805 0.03387951850891113 0.007977962493896484 
12.59312629699707 0.019948244094848633 0.015955686569213867 0.015959501266479492 
12.676907062530518 0.01595282554626465 0.010971546173095703 0.007977962493896484 
12.73375129699707 0.00897526741027832 0.011968612670898438 0.007977962493896484 
12.788605451583862 0.00698089599609375 0.014959573745727539 0.014960289001464844 
12.847446918487549 0.013962984085083008 0.015957117080688477 0.016954660415649414 
12.933216571807861 0.03789973258972168 0.016954660415649414 0.016955852508544922 
13.034945249557495 0.019983291625976562 0.01691889762878418 0.016954898834228516 
13.115727663040161 0.02293872833251953 0.016955852508544922 0.016956090927124023 
13.19850778579712 0.025929689407348633 0.01994609832763672 0.028922557830810547 
13.314197778701782 0.027924537658691406 0.013962268829345703 0.015957117080688477 
13.394980192184448 0.03793692588806152 0.040854454040527344 0.01894974708557129 
13.52363634109497 0.03693032264709473 0.030887842178344727 0.028924942016601562 
13.644315242767334 0.029920339584350586 0.015957117080688477 0.016955137252807617 
13.734075546264648 0.021938562393188477 0.016954660415649414 0.01695537567138672 
13.82087516784668 0.018915176391601562 0.016954660415649414 0.016954898834228516 
13.905616283416748 0.053855180740356445 0.0359039306640625 0.031915903091430664 
14.065199136734009 0.03290295600891113 0.010967254638671875 0.018952369689941406 
14.173896551132202 0.021942853927612305 0.048868417739868164 0.1466069221496582 
14.425223588943481 0.032912254333496094 0.020943880081176758 0.045876502990722656 
14.555875778198242 0.01894855499267578 0.0329129695892334 0.015957355499267578 
14.65660548210144 0.03191328048706055 0.018950223922729492 0.017952442169189453 
14.771300077438354 0.041887760162353516 0.011965513229370117 0.020944595336914062 
14.88998007774353 0.06981515884399414 0.03091716766357422 0.03191328048706055 
15.061523199081421 0.01296544075012207 0.0169525146484375 0.01994633674621582 
15.148289203643799 0.04191851615905762 0.01994490623474121 0.08976483345031738 
15.330836296081543 0.043846845626831055 0.016954421997070312 0.01897907257080078 
15.446491241455078 0.03092026710510254 0.030916929244995117 0.029947757720947266 
15.565222978591919 0.02990412712097168 0.027655363082885742 0.016676664352416992 
15.671373128890991 0.018949270248413086 0.05086350440979004 0.020945310592651367 
15.807043313980103 0.03587079048156738 0.03091716766357422 0.015957117080688477 
15.927688121795654 0.02892160415649414 0.016954421997070312 0.03690290451049805 
16.052353143692017 0.04288530349731445 0.027926206588745117 0.01695418357849121 
16.17003870010376 0.018949270248413086 0.01695418357849121 0.016954898834228516 
16.258801698684692 0.030954837799072266 0.019908666610717773 0.030950307846069336 
16.36953830718994 0.018915653228759766 0.017104625701904297 0.016689062118530273 
16.452168464660645 0.019945383071899414 0.016954421997070312 0.01595759391784668 
16.536941289901733 0.018949270248413086 0.015956401824951172 0.017952680587768555 
16.622711181640625 0.018949270248413086 0.03091716766357422 0.018952369689941406 
16.732417345046997 0.02393794059753418 0.01595592498779297 0.015984773635864258 
16.822177171707153 0.015990018844604492 0.01696014404296875 0.016916751861572266 
16.90196466445923 0.020943880081176758 0.02094268798828125 0.0468752384185791 
17.023638010025024 0.031914472579956055 0.017952680587768555 0.015956878662109375 
17.118387937545776 0.0199432373046875 0.016954898834228516 0.01795196533203125 
17.203157901763916 0.018949031829833984 0.01795220375061035 0.01595759391784668 
17.289928197860718 0.014588594436645508 0.018949508666992188 0.03191494941711426 
17.388325452804565 0.016922950744628906 0.01695394515991211 0.015959739685058594 
17.47206974029541 0.01595592498779297 0.017008543014526367 0.016959190368652344 
17.55091428756714 0.02194046974182129 0.017954349517822266 0.015955686569213867 
17.63768219947815 0.016983509063720703 0.015954971313476562 0.016988039016723633 
17.716502904891968 0.021909236907958984 0.017955541610717773 0.0169522762298584 
17.808257579803467 0.021127939224243164 0.025899410247802734 0.016956090927124023 
17.908143281936646 0.014960527420043945 0.01575160026550293 0.016958951950073242 
17.98473596572876 0.019978046417236328 0.016954898834228516 0.0169527530670166 
18.066550254821777 0.021908283233642578 0.019977807998657227 0.03389477729797363 
18.178216695785522 0.01100921630859375 0.019910097122192383 0.03493785858154297 
18.278984308242798 0.011931896209716797 0.01399850845336914 0.01795053482055664 
18.3607656955719 0.011967897415161133 0.014971494674682617 0.01693892478942871 
18.439518451690674 0.014960765838623047 0.0169527530670166 0.018952131271362305 
18.521300077438354 0.016986608505249023 0.016921043395996094 0.016957521438598633 
18.606080293655396 0.015987634658813477 0.015919923782348633 0.016987085342407227 
18.684860944747925 0.019980669021606445 0.016955852508544922 0.016961097717285156 
18.773664951324463 0.02129054069519043 0.02692723274230957 0.015990495681762695 
18.868757486343384 0.018949270248413086 0.01695394515991211 0.08477497100830078 
19.021382331848145 0.14258575439453125 0.048868417739868164 0.0329127311706543 
19.29860758781433 0.018949270248413086 0.06084132194519043 0.011968374252319336 
19.42726755142212 0.02094578742980957 0.0418858528137207 0.036901235580444336 
19.57088351249695 0.051484107971191406 0.018041372299194336 0.016957521438598633 
19.699284076690674 0.011939287185668945 0.015958070755004883 0.017986774444580078 
19.785024642944336 0.021973609924316406 0.016989946365356445 0.03188180923461914 
19.888816833496094 0.12163972854614258 0.08078360557556152 0.020983219146728516 
20.146092414855957 0.14261984825134277 0.019979000091552734 0.03492021560668945 
20.38245987892151 0.028955459594726562 0.026894807815551758 0.018950223922729492 
20.50114369392395 0.02097630500793457 0.016920804977416992 0.01695537567138672 
20.592930793762207 0.03188133239746094 0.03011345863342285 0.017951488494873047 
20.710777521133423 0.0279238224029541 0.016955137252807617 0.01795172691345215 
20.825506925582886 0.04683876037597656 0.020941495895385742 0.03290820121765137 
20.966094493865967 0.022717714309692383 0.01695704460144043 0.016954421997070312 
21.05267333984375 0.01891946792602539 0.017952680587768555 0.015987873077392578 
21.145394563674927 0.026961088180541992 0.016954898834228516 0.01791834831237793 
21.244161367416382 0.029889583587646484 0.01499485969543457 0.0169525146484375 
21.34090495109558 0.03188157081604004 0.01998305320739746 0.02988433837890625 
21.45559787750244 0.03890085220336914 0.028885602951049805 0.019946575164794922 
21.591203451156616 0.030951738357543945 0.01695108413696289 0.016922473907470703 
21.691933631896973 0.0299527645111084 0.017920494079589844 0.016952991485595703 
21.78970718383789 0.016918420791625977 0.016956090927124023 0.021941423416137695 
21.890401124954224 0.021033287048339844 0.02692437171936035 0.02190876007080078 
21.994214057922363 0.028885841369628906 0.01595783233642578 0.017951488494873047 
22.087925672531128 0.01699042320251465 0.019911527633666992 0.027926921844482422 
22.18566393852234 0.01994633674621582 0.022938966751098633 0.018949270248413086 
22.283432722091675 0.02294158935546875 0.016954898834228516 0.021941423416137695 
22.38516402244568 0.02194046974182129 0.020914077758789062 0.04387950897216797 
22.51681900024414 0.021901369094848633 0.01700448989868164 0.01694774627685547 
22.604544639587402 0.016989469528198242 0.01791691780090332 0.015989065170288086 
22.68832015991211 0.01695394515991211 0.01695537567138672 0.017951011657714844 
22.78110694885254 0.029883623123168945 0.02593088150024414 0.017987489700317383 
22.891808032989502 0.0308837890625 0.018949270248413086 0.031916141510009766 
23.008498907089233 0.029916763305664062 0.017919063568115234 0.019946575164794922 
23.12218713760376 0.05585455894470215 0.013930559158325195 0.035903215408325195 
23.267769813537598 0.022957324981689453 0.015937328338623047 0.03194737434387207 
23.377508640289307 0.02889251708984375 0.030948638916015625 0.016923189163208008 
23.494195699691772 0.027892112731933594 0.017952919006347656 0.015956878662109375 
23.592899322509766 0.0329442024230957 0.029888153076171875 0.05385565757751465 
23.760452032089233 0.011998176574707031 0.015926361083984375 0.01699352264404297 
23.84724760055542 0.024904489517211914 0.018983840942382812 0.030882596969604492 
23.95795464515686 0.03188204765319824 0.0359044075012207 0.04887104034423828 
24.120486736297607 0.01994776725769043 0.03291130065917969 0.020943880081176758 
24.243158102035522 0.04886984825134277 0.03494000434875488 0.029922008514404297 
24.41971492767334 0.02290964126586914 0.029957056045532227 0.03387260437011719 
24.547383069992065 0.011969804763793945 0.029880523681640625 0.01695418357849121 
24.64012885093689 0.03188204765319824 0.020945310592651367 0.03091716766357422 
24.75781488418579 0.030913591384887695 0.017921924591064453 0.03191518783569336 
